service_id,monday,tuesday,wednesday,thursday,friday,saturday,sunday,start_date,end_date
JOUA95,0,0,0,0,0,0,0,20180924,20190422
KAKS3,0,0,0,0,0,0,0,20180924,20190422
OSAAVA_10,0,0,0,0,0,0,0,20180924,20190422
ITS1,0,0,0,0,0,0,0,20180924,20190422
MAATA10,0,0,0,0,0,0,0,20180924,20190422
JOUA99,0,0,0,0,0,0,0,20180924,20190422
TPS37,0,0,0,0,0,0,0,20180924,20190422
JOUA24,0,0,0,0,0,0,0,20180924,20190422
KIRJ8,0,0,0,0,0,0,0,20180924,20190422
OSAAVA_7,0,0,0,0,0,0,0,20180924,20190422
JOUA34,0,0,0,0,0,0,0,20180924,20190422
JOUA43,0,0,0,0,0,0,0,20180924,20190422
JOUA66,0,0,0,0,0,0,0,20180924,20190422
MYL4,0,0,0,0,0,0,0,20180924,20190422
NOCO5,0,0,0,0,0,0,0,20180924,20190422
JOUA47,0,0,0,0,0,0,0,20180924,20190422
JOUA30,0,0,0,0,0,0,0,20180924,20190422
JOUA53,0,0,0,0,0,0,0,20180924,20190422
JAYO8,0,0,0,0,0,0,0,20180924,20190422
JOUA106,0,0,0,0,0,0,0,20180924,20190422
Nightwish1,0,0,0,0,0,0,0,20180924,20190422
JAYO3,0,0,0,0,0,0,0,20180924,20190422
PYHYO7,0,0,0,0,0,0,0,20180924,20190422
JOUA22,0,0,0,0,0,0,0,20180924,20190422
JAYO9,0,0,0,0,0,0,0,20180924,20190422
KIRJ17,0,0,0,0,0,0,0,20180924,20190422
MYL10,0,0,0,0,0,0,0,20180924,20190422
JOUA108,0,0,0,0,0,0,0,20180924,20190422
JOUA4,0,0,0,0,0,0,0,20180924,20190422
JOUA79,0,0,0,0,0,0,0,20180924,20190422
TPS24,0,0,0,0,0,0,0,20180924,20190422
JOUA54,0,0,0,0,0,0,0,20180924,20190422
JOUA60,0,0,0,0,0,0,0,20180924,20190422
Nightwish2,0,0,0,0,0,0,0,20180924,20190422
KAA3,0,0,0,0,0,0,0,20180924,20190422
JOUA70,0,0,0,0,0,0,0,20180924,20190422
KIRJ7,0,0,0,0,0,0,0,20180924,20190422
LIE3,0,0,0,0,0,0,0,20180924,20190422
KIRJ18,0,0,0,0,0,0,0,20180924,20190422
JOUA105,0,0,0,0,0,0,0,20180924,20190422
JOUA75,0,0,0,0,0,0,0,20180924,20190422
KIRJ11,0,0,0,0,0,0,0,20180924,20190422
PYHYO11,0,0,0,0,0,0,0,20180924,20190422
OSAAVA_1,0,0,0,0,0,0,0,20180924,20190422
ILP2,0,0,0,0,0,0,0,20180924,20190422
OSAAVA_9,0,0,0,0,0,0,0,20180924,20190422
MYL5,0,0,0,0,0,0,0,20180924,20190422
JOUA67,0,0,0,0,0,0,0,20180924,20190422
TPS34,0,0,0,0,0,0,0,20180924,20190422
KIRJ13,0,0,0,0,0,0,0,20180924,20190422
PYHYO2,0,0,0,0,0,0,0,20180924,20190422
JOUA17,0,0,0,0,0,0,0,20180924,20190422
TPS6,0,0,0,0,0,0,0,20180924,20190422
PYHYO1,0,0,0,0,0,0,0,20180924,20190422
TPS41,0,0,0,0,0,0,0,20180924,20190422
MYL12,0,0,0,0,0,0,0,20180924,20190422
PYHYO22,0,0,0,0,0,0,0,20180924,20190422
JOUA76,0,0,0,0,0,0,0,20180924,20190422
MAATA2,0,0,0,0,0,0,0,20180924,20190422
JOUA51,0,0,0,0,0,0,0,20180924,20190422
NOCO3,0,0,0,0,0,0,0,20180924,20190422
MYL8,0,0,0,0,0,0,0,20180924,20190422
Joulumy4,0,0,0,0,0,0,0,20180924,20190422
TPS5,0,0,0,0,0,0,0,20180924,20190422
JOUA56,0,0,0,0,0,0,0,20180924,20190422
TPS40,0,0,0,0,0,0,0,20180924,20190422
KIRJ5,0,0,0,0,0,0,0,20180924,20190422
JOUA72,0,0,0,0,0,0,0,20180924,20190422
PYHYO3,0,0,0,0,0,0,0,20180924,20190422
JAYO6,0,0,0,0,0,0,0,20180924,20190422
Joulumy3,0,0,0,0,0,0,0,20180924,20190422
JOUA57,0,0,0,0,0,0,0,20180924,20190422
JOUA98,0,0,0,0,0,0,0,20180924,20190422
JOUA107,0,0,0,0,0,0,0,20180924,20190422
JOUA97,0,0,0,0,0,0,0,20180924,20190422
JOUA71,0,0,0,0,0,0,0,20180924,20190422
JAYO1,0,0,0,0,0,0,0,20180924,20190422
VENEXPO2,0,0,0,0,0,0,0,20180924,20190422
JOUA96,0,0,0,0,0,0,0,20180924,20190422
JOUA84,0,0,0,0,0,0,0,20180924,20190422
PYHYO13,0,0,0,0,0,0,0,20180924,20190422
JOUA8,0,0,0,0,0,0,0,20180924,20190422
JOUA37,0,0,0,0,0,0,0,20180924,20190422
PYHYO20,0,0,0,0,0,0,0,20180924,20190422
JOUA101,0,0,0,0,0,0,0,20180924,20190422
JOUA26,0,0,0,0,0,0,0,20180924,20190422
PYHYO12,0,0,0,0,0,0,0,20180924,20190422
JOUA92,0,0,0,0,0,0,0,20180924,20190422
KIRJ12,0,0,0,0,0,0,0,20180924,20190422
TPS10,0,0,0,0,0,0,0,20180924,20190422
LIE6,0,0,0,0,0,0,0,20180924,20190422
JAYO4,0,0,0,0,0,0,0,20180924,20190422
JOUA6,0,0,0,0,0,0,0,20180924,20190422
JOUA23,0,0,0,0,0,0,0,20180924,20190422
KIRJ6,0,0,0,0,0,0,0,20180924,20190422
ILP1,0,0,0,0,0,0,0,20180924,20190422
KAA1,0,0,0,0,0,0,0,20180924,20190422
TPS2,0,0,0,0,0,0,0,20180924,20190422
MYL11,0,0,0,0,0,0,0,20180924,20190422
TPS32,0,0,0,0,0,0,0,20180924,20190422
TPS33,0,0,0,0,0,0,0,20180924,20190422
NAA1,0,0,0,0,0,0,0,20180924,20190422
OSAAVA_12,0,0,0,0,0,0,0,20180924,20190422
JOUA29,0,0,0,0,0,0,0,20180924,20190422
TPS19,0,0,0,0,0,0,0,20180924,20190422
OSAAVA_2,0,0,0,0,0,0,0,20180924,20190422
ITS2,0,0,0,0,0,0,0,20180924,20190422
KIRJ15,0,0,0,0,0,0,0,20180924,20190422
RAVI1,0,0,0,0,0,0,0,20180924,20190422
Tanssit2,0,0,0,0,0,0,0,20180924,20190422
TPS1,0,0,0,0,0,0,0,20180924,20190422
MYL7,0,0,0,0,0,0,0,20180924,20190422
Nightwish3,0,0,0,0,0,0,0,20180924,20190422
JOUA36,0,0,0,0,0,0,0,20180924,20190422
Pyha,0,0,0,0,0,0,0,20180924,20190422
JOUA18,0,0,0,0,0,0,0,20180924,20190422
MAATA6,0,0,0,0,0,0,0,20180924,20190422
JOUA62,0,0,0,0,0,0,0,20180924,20190422
KAA4,0,0,0,0,0,0,0,20180924,20190422
Joulumy2,0,0,0,0,0,0,0,20180924,20190422
JAYO10,0,0,0,0,0,0,0,20180924,20190422
JOUA38,0,0,0,0,0,0,0,20180924,20190422
KIRJ2,0,0,0,0,0,0,0,20180924,20190422
PYHYO17,0,0,0,0,0,0,0,20180924,20190422
TPS31,0,0,0,0,0,0,0,20180924,20190422
TPS4,0,0,0,0,0,0,0,20180924,20190422
MAATA9,0,0,0,0,0,0,0,20180924,20190422
MYL2,0,0,0,0,0,0,0,20180924,20190422
JOUA21,0,0,0,0,0,0,0,20180924,20190422
JOUA28,0,0,0,0,0,0,0,20180924,20190422
JOUA74,0,0,0,0,0,0,0,20180924,20190422
Rotukissat_1,0,0,0,0,0,0,0,20180924,20190422
JOUA41,0,0,0,0,0,0,0,20180924,20190422
KAKS4,0,0,0,0,0,0,0,20180924,20190422
Nightwish5,0,0,0,0,0,0,0,20180924,20190422
MAATA5,0,0,0,0,0,0,0,20180924,20190422
NAA2,0,0,0,0,0,0,0,20180924,20190422
JOUA39,0,0,0,0,0,0,0,20180924,20190422
MAATA7,0,0,0,0,0,0,0,20180924,20190422
JOUA16,0,0,0,0,0,0,0,20180924,20190422
MYL9,0,0,0,0,0,0,0,20180924,20190422
JOUA48,0,0,0,0,0,0,0,20180924,20190422
JOUA55,0,0,0,0,0,0,0,20180924,20190422
JOUA46,0,0,0,0,0,0,0,20180924,20190422
KIRJ9,0,0,0,0,0,0,0,20180924,20190422
JOUA90,0,0,0,0,0,0,0,20180924,20190422
OSAAVA_3,0,0,0,0,0,0,0,20180924,20190422
TPS18,0,0,0,0,0,0,0,20180924,20190422
JOUA5,0,0,0,0,0,0,0,20180924,20190422
JOUA14,0,0,0,0,0,0,0,20180924,20190422
JOUA40,0,0,0,0,0,0,0,20180924,20190422
Nightwish6,0,0,0,0,0,0,0,20180924,20190422
JOUA85,0,0,0,0,0,0,0,20180924,20190422
JOUA13,0,0,0,0,0,0,0,20180924,20190422
JOUA52,0,0,0,0,0,0,0,20180924,20190422
KIRJ19,0,0,0,0,0,0,0,20180924,20190422
OSAAVA_11,0,0,0,0,0,0,0,20180924,20190422
JOUA1,0,0,0,0,0,0,0,20180924,20190422
JOUA94,0,0,0,0,0,0,0,20180924,20190422
PYHYO6,0,0,0,0,0,0,0,20180924,20190422
MAATA1,0,0,0,0,0,0,0,20180924,20190422
JOUA2,0,0,0,0,0,0,0,20180924,20190422
JOUA104,0,0,0,0,0,0,0,20180924,20190422
TPS22,0,0,0,0,0,0,0,20180924,20190422
PYHYO14,0,0,0,0,0,0,0,20180924,20190422
JOUA80,0,0,0,0,0,0,0,20180924,20190422
TPS23,0,0,0,0,0,0,0,20180924,20190422
PYHYO8,0,0,0,0,0,0,0,20180924,20190422
Rekry3,0,0,0,0,0,0,0,20180924,20190422
JOUA9,0,0,0,0,0,0,0,20180924,20190422
Arki,0,0,0,0,0,0,0,20180924,20190422
PYHYO16,0,0,0,0,0,0,0,20180924,20190422
TPS39,0,0,0,0,0,0,0,20180924,20190422
JOUA27,0,0,0,0,0,0,0,20180924,20190422
JOUA31,0,0,0,0,0,0,0,20180924,20190422
MAATA8,0,0,0,0,0,0,0,20180924,20190422
JOUA19,0,0,0,0,0,0,0,20180924,20190422
JOUA50,0,0,0,0,0,0,0,20180924,20190422
JOUA25,0,0,0,0,0,0,0,20180924,20190422
PYHYO5,0,0,0,0,0,0,0,20180924,20190422
TPS16,0,0,0,0,0,0,0,20180924,20190422
JOUA44,0,0,0,0,0,0,0,20180924,20190422
JOUA73,0,0,0,0,0,0,0,20180924,20190422
KIRJ4,0,0,0,0,0,0,0,20180924,20190422
Tanssit3,0,0,0,0,0,0,0,20180924,20190422
Joulumy1,0,0,0,0,0,0,0,20180924,20190422
JOUA35,0,0,0,0,0,0,0,20180924,20190422
JOUA102,0,0,0,0,0,0,0,20180924,20190422
JOUA12,0,0,0,0,0,0,0,20180924,20190422
JAYO11,0,0,0,0,0,0,0,20180924,20190422
JOUA77,0,0,0,0,0,0,0,20180924,20190422
KAKS2,0,0,0,0,0,0,0,20180924,20190422
KIRJ1,0,0,0,0,0,0,0,20180924,20190422
MYL6,0,0,0,0,0,0,0,20180924,20190422
TPS17,0,0,0,0,0,0,0,20180924,20190422
OSAAVA_6,0,0,0,0,0,0,0,20180924,20190422
TPS38,0,0,0,0,0,0,0,20180924,20190422
JOUA11,0,0,0,0,0,0,0,20180924,20190422
JOUA59,0,0,0,0,0,0,0,20180924,20190422
JOUA10,0,0,0,0,0,0,0,20180924,20190422
JOUA100,0,0,0,0,0,0,0,20180924,20190422
TPS29,0,0,0,0,0,0,0,20180924,20190422
JOUA7,0,0,0,0,0,0,0,20180924,20190422
JOUA20,0,0,0,0,0,0,0,20180924,20190422
TPS15,0,0,0,0,0,0,0,20180924,20190422
VENEXPO1,0,0,0,0,0,0,0,20180924,20190422
PYHYO19,0,0,0,0,0,0,0,20180924,20190422
KIRJ10,0,0,0,0,0,0,0,20180924,20190422
JOUA65,0,0,0,0,0,0,0,20180924,20190422
KIRJ14,0,0,0,0,0,0,0,20180924,20190422
JOUA58,0,0,0,0,0,0,0,20180924,20190422
MAATA3,0,0,0,0,0,0,0,20180924,20190422
NOCO4,0,0,0,0,0,0,0,20180924,20190422
TPS8,0,0,0,0,0,0,0,20180924,20190422
Rekry2,0,0,0,0,0,0,0,20180924,20190422
TPS9,0,0,0,0,0,0,0,20180924,20190422
NOCO2,0,0,0,0,0,0,0,20180924,20190422
PYHYO15,0,0,0,0,0,0,0,20180924,20190422
OSAAVA_5,0,0,0,0,0,0,0,20180924,20190422
OSAAVA-8,0,0,0,0,0,0,0,20180924,20190422
TPS27,0,0,0,0,0,0,0,20180924,20190422
JOUA91,0,0,0,0,0,0,0,20180924,20190422
Perjantai,0,0,0,0,0,0,0,20180924,20190422
KIRJ3,0,0,0,0,0,0,0,20180924,20190422
JOUA68,0,0,0,0,0,0,0,20180924,20190422
JAYO5,0,0,0,0,0,0,0,20180924,20190422
Rekry4,0,0,0,0,0,0,0,20180924,20190422
KAKS1,0,0,0,0,0,0,0,20180924,20190422
JOUA103,0,0,0,0,0,0,0,20180924,20190422
JOUA45,0,0,0,0,0,0,0,20180924,20190422
JOUA32,0,0,0,0,0,0,0,20180924,20190422
JOUA33,0,0,0,0,0,0,0,20180924,20190422
PYHYO18,0,0,0,0,0,0,0,20180924,20190422
MYL3,0,0,0,0,0,0,0,20180924,20190422
JOUA63,0,0,0,0,0,0,0,20180924,20190422
JOUA42,0,0,0,0,0,0,0,20180924,20190422
JOUA3,0,0,0,0,0,0,0,20180924,20190422
JOUA93,0,0,0,0,0,0,0,20180924,20190422
PYHYO9,0,0,0,0,0,0,0,20180924,20190422
PYHYO4,0,0,0,0,0,0,0,20180924,20190422
JOUA81,0,0,0,0,0,0,0,20180924,20190422
TPS25,0,0,0,0,0,0,0,20180924,20190422
Tanssit1,0,0,0,0,0,0,0,20180924,20190422
Lauantai,0,0,0,0,0,0,0,20180924,20190422
PYHYO10,0,0,0,0,0,0,0,20180924,20190422
PII1,0,0,0,0,0,0,0,20180924,20190422
JOUA86,0,0,0,0,0,0,0,20180924,20190422
JOUA61,0,0,0,0,0,0,0,20180924,20190422
KORP1,0,0,0,0,0,0,0,20180924,20190422
PYHYO21,0,0,0,0,0,0,0,20180924,20190422
JOUA64,0,0,0,0,0,0,0,20180924,20190422
TPS26,0,0,0,0,0,0,0,20180924,20190422
JAYO2,0,0,0,0,0,0,0,20180924,20190422
JOUA49,0,0,0,0,0,0,0,20180924,20190422
JOUA15,0,0,0,0,0,0,0,20180924,20190422
NOCO1,0,0,0,0,0,0,0,20180924,20190422
JOUA87,0,0,0,0,0,0,0,20180924,20190422
KAA2,0,0,0,0,0,0,0,20180924,20190422
KIRJ16,0,0,0,0,0,0,0,20180924,20190422
JOUA82,0,0,0,0,0,0,0,20180924,20190422
MAATA4,0,0,0,0,0,0,0,20180924,20190422
JOUA69,0,0,0,0,0,0,0,20180924,20190422
TPS36,0,0,0,0,0,0,0,20180924,20190422
Nightwish4,0,0,0,0,0,0,0,20180924,20190422
MYL1,0,0,0,0,0,0,0,20180924,20190422
KORP2,0,0,0,0,0,0,0,20180924,20190422
Rekry1,0,0,0,0,0,0,0,20180924,20190422
JOUA83,0,0,0,0,0,0,0,20180924,20190422
TPS30,0,0,0,0,0,0,0,20180924,20190422
JAYO7,0,0,0,0,0,0,0,20180924,20190422
JOUA78,0,0,0,0,0,0,0,20180924,20190422
JOUA89,0,0,0,0,0,0,0,20180924,20190422
TPS20,0,0,0,0,0,0,0,20180924,20190422
RAVI2,0,0,0,0,0,0,0,20180924,20190422
OSAAVA_4,0,0,0,0,0,0,0,20180924,20190422
TPS3,0,0,0,0,0,0,0,20180924,20190422
JOUA88,0,0,0,0,0,0,0,20180924,20190422
